                              days_since_published  title_word_count  content_word_count  unique_word_ratio  non_stop_word_ratio  unique_non_stop_ratio  external_links  internal_links  image_count  video_count  avg_word_length  keyword_count  keyword_worst_min_shares  keyword_worst_max_shares  keyword_worst_avg_shares  keyword_best_min_shares  keyword_best_max_shares  keyword_best_avg_shares  keyword_avg_min_shares  keyword_avg_max_shares  keyword_avg_avg_shares  ref_min_shares  ref_max_shares  ref_avg_shares  topic_0_relevance  topic_1_relevance  topic_2_relevance  topic_3_relevance  topic_4_relevance  content_subjectivity  content_sentiment  positive_word_rate  negative_word_rate  non_neutral_positive_rate  non_neutral_negative_rate  avg_positive_sentiment  min_positive_sentiment  max_positive_sentiment  avg_negative_sentiment  min_negative_sentiment  max_negative_sentiment  title_subjectivity  title_sentiment  title_subjectivity_magnitude  title_sentiment_magnitude  engagement_ratio  content_density
days_since_published                      1.000000         -0.240320           -0.062867           0.002866             0.000089               0.003805       -0.003243        0.064530    -0.027636     0.000936         0.130465       0.046884                  0.591199                  0.029503                  0.133225                -0.076590                -0.637824                -0.493093               -0.157204               -0.051820               -0.163164       -0.011438       -0.014501       -0.015655           0.080894           0.004423          -0.141713          -0.030838           0.092906              0.133837           0.158646            0.207604            0.010266                   0.198654                  -0.071968                0.126344                0.054772                0.098288               -0.000507                0.062175               -0.063239           -0.015919         0.038711                      0.011551                  -0.002745          0.043962        -0.056785
title_word_count                         -0.240320          1.000000            0.018160          -0.005318            -0.004754              -0.005420        0.001073       -0.014856    -0.008858     0.051460        -0.071403      -0.006077                 -0.110672                 -0.005890                 -0.031400                 0.012926                 0.120841                 0.115746               -0.002370                0.006918                0.004296       -0.004563        0.000128        0.000661          -0.070038           0.063568           0.038365           0.042208          -0.065063             -0.056804          -0.072226           -0.064951            0.015530                  -0.066589                   0.034186               -0.049619               -0.025069               -0.021662               -0.017096               -0.029146                0.011425            0.077245         0.000240                     -0.146954                   0.040550          0.001887         0.018123
content_word_count                       -0.062867          0.018160            1.000000          -0.004737             0.017512               0.000373        0.008122        0.304682     0.342600     0.103699         0.167789       0.072845                 -0.054345                  0.000066                 -0.003545                -0.022786                 0.058860                -0.096460               -0.022286               -0.030496               -0.079624       -0.030686        0.025657       -0.013809           0.026218          -0.009724           0.087266          -0.140141           0.041265              0.127879           0.021937            0.133979            0.125013                   0.098960                   0.101053                0.135123               -0.261493                0.415706               -0.130375               -0.450603                0.225870            0.004484         0.023358                      0.007136                   0.013439         -0.052611         0.973823
unique_word_ratio                         0.002866         -0.005318           -0.004737           1.000000             0.999572               0.999852       -0.000974        0.006620     0.018802    -0.000597         0.026407      -0.003679                  0.001601                 -0.000552                 -0.000826                 0.000577                -0.001624                 0.000805                0.004563               -0.002120               -0.002083        0.001036       -0.000222        0.001992          -0.002213          -0.000827          -0.006855          -0.003689          -0.004260             -0.000180           0.000523            0.000014           -0.000877                  -0.000667                  -0.001657               -0.000487                0.009193               -0.009054                0.001453                0.009902               -0.007315           -0.004678        -0.002333                     -0.009242                  -0.004217         -0.000372        -0.019968
non_stop_word_ratio                       0.000089         -0.004754            0.017512           0.999572             1.000000               0.999532       -0.000767        0.013598     0.028486    -0.000899         0.031554      -0.001439                 -0.000352                 -0.000595                 -0.000892                -0.000553                 0.000394                -0.002939                0.003284               -0.003408               -0.005415        0.000339        0.000170        0.001614          -0.001031          -0.002869          -0.003286          -0.009761          -0.001072              0.002565           0.000831            0.001535            0.001036                   0.002421                   0.001245                0.002285                0.000904                0.002062               -0.001372               -0.001214               -0.000761           -0.005389        -0.001650                     -0.008511                  -0.004391         -0.002873         0.000099
unique_non_stop_ratio                     0.003805         -0.005420            0.000373           0.999852             0.999532               1.000000       -0.001015        0.007584     0.014230    -0.000963         0.034185      -0.004440                  0.002001                 -0.000615                 -0.000644                -0.000089                -0.002032                -0.002006                0.002510               -0.003694               -0.005944        0.000989       -0.000077        0.002009           0.000342          -0.000965          -0.004965          -0.009781          -0.002097              0.005498           0.002043            0.005002            0.002590                   0.005258                   0.001709                0.004671                0.008380               -0.002245               -0.001972                0.004318               -0.006708           -0.005860        -0.002910                     -0.008572                  -0.005342         -0.000385        -0.016512
external_links                           -0.003243          0.001073            0.008122          -0.000974            -0.000767              -0.001015        1.000000        0.006881     0.005634     0.014592         0.006666      -0.004262                 -0.005848                  0.002858                  0.001499                -0.000573                 0.006060                 0.004673                0.001744                0.005733                0.006136       -0.005098        0.004281       -0.001385          -0.007064           0.003616          -0.000328           0.013087          -0.009344              0.005012          -0.005365           -0.000308            0.009128                  -0.002102                   0.009870                0.003013               -0.004331                0.008120               -0.007040               -0.010774                0.004421            0.007646         0.002881                     -0.007271                   0.005647         -0.001292         0.006324
internal_links                            0.064530         -0.014856            0.304682           0.006620             0.013598               0.007584        0.006881        1.000000     0.238586     0.077458         0.126879       0.099578                 -0.012896                 -0.001233                 -0.001286                -0.025904                 0.002567                -0.064747                0.039239               -0.013629               -0.015615       -0.031229        0.130187        0.022157          -0.021692          -0.004631          -0.085045          -0.028775           0.135441              0.115285           0.090070            0.121140            0.011433                   0.142088                  -0.010187                0.098062               -0.072648                0.189922               -0.058222               -0.122071                0.039153           -0.011239         0.026224                      0.008961                  -0.006709         -0.039223         0.279177
image_count                              -0.027636         -0.008858            0.342600           0.018802             0.028486               0.014230        0.005634        0.238586     1.000000    -0.067336         0.033924       0.088432                 -0.043840                  0.001894                 -0.005340                -0.000528                 0.051337                 0.002217                0.081029                0.064374                0.145236        0.007142        0.035067        0.020898          -0.150439           0.050080          -0.094515           0.208924          -0.022780              0.080468           0.021082           -0.041582            0.024772                  -0.021734                   0.040029                0.096446               -0.024683                0.155232               -0.072500               -0.136522                0.042644            0.056815         0.046310                     -0.013759                   0.063307         -0.106571         0.370852
video_count                               0.000936          0.051460            0.103699          -0.000597            -0.000899              -0.000963        0.014592        0.077458    -0.067336     1.000000        -0.002940      -0.022257                  0.014713                  0.002860                 -0.006536                 0.043416                -0.005658                 0.136228                0.058866                0.045002                0.106815       -0.003075        0.078296        0.034494          -0.070489           0.011875          -0.092962           0.267673          -0.127429              0.082052          -0.028434            0.072290            0.179167                  -0.043459                   0.074067                0.097440               -0.010103                0.125659               -0.115976               -0.138190                0.027251            0.061028         0.021980                     -0.021982                   0.055231         -0.046622         0.077546
avg_word_length                           0.130465         -0.071403            0.167789           0.026407             0.031554               0.034185        0.006666        0.126879     0.033924    -0.002940         1.000000      -0.016814                  0.033651                 -0.002318                  0.011736                -0.042368                -0.037637                -0.157419               -0.076706               -0.046397               -0.136393        0.031721        0.038471        0.040468           0.078901          -0.022011           0.099121          -0.181714           0.033738              0.597629           0.178537            0.322929            0.228655                   0.578894                   0.322505                0.540117                0.222207                0.471383               -0.324529               -0.278784               -0.194660           -0.040406        -0.016718                      0.026586                  -0.036953         -0.052777         0.117672
keyword_count                             0.046884         -0.006077            0.072845          -0.003679            -0.001439              -0.004440       -0.004262        0.099578     0.088432    -0.022257        -0.016814       1.000000                  0.001068                  0.077500                  0.075125                -0.278042                 0.008521                -0.332221               -0.272042                0.114036                0.023783       -0.005290        0.010474        0.003139          -0.154895          -0.062415          -0.019643           0.022726           0.184254              0.038603           0.083420            0.050466           -0.037969                   0.035358                  -0.070873                0.033700               -0.015890                0.062440                0.021114               -0.002656                0.028036            0.016014         0.031705                     -0.010992                   0.023533          0.003072         0.075374
keyword_worst_min_shares                  0.591199         -0.110672           -0.054345           0.001601            -0.000352               0.002001       -0.005848       -0.012896    -0.043840     0.014713         0.033651       0.001068                  1.000000                  0.011534                  0.112829                -0.062433                -0.857226                -0.502719               -0.137094               -0.073563               -0.184018       -0.025347       -0.041559       -0.039516           0.030890           0.008976          -0.073750          -0.007757           0.044998              0.038547           0.075486            0.099138           -0.002024                   0.081635                  -0.045484                0.040634                0.022866                0.018640                0.017312                0.050316               -0.027172           -0.004379         0.032902                      0.008137                   0.007645          0.030235        -0.049937
keyword_worst_max_shares                  0.029503         -0.005890            0.000066          -0.000552            -0.000595              -0.000615        0.002858       -0.001233     0.001894     0.002860        -0.002318       0.077500                  0.011534                  1.000000                  0.940529                -0.036475                -0.005425                -0.034936                0.007079                0.590468                0.411261        0.012507        0.042635        0.030819          -0.000807          -0.005896          -0.015397           0.021682          -0.001888              0.009138           0.008905            0.008054           -0.000465                   0.003992                  -0.008305                0.008193                0.003920                0.010666               -0.005720               -0.003676               -0.000035            0.015680         0.009511                      0.000671                   0.016085          0.017991        -0.000047
keyword_worst_avg_shares                  0.133225         -0.031400           -0.003545          -0.000826            -0.000892              -0.000644        0.001499       -0.001286    -0.005340    -0.006536         0.011736       0.075125                  0.112829                  0.940529                  1.000000                -0.062958                -0.106933                -0.129136               -0.021295                0.545686                0.384317        0.012380        0.033044        0.025738           0.023499          -0.001960          -0.031877           0.005295           0.005840              0.021935           0.026771            0.033021            0.000188                   0.026429                  -0.016250                0.019221                0.004237                0.022614               -0.003739                0.001290               -0.005206            0.011963         0.011894                      0.004847                   0.012165          0.025273        -0.002573
keyword_best_min_shares                  -0.076590          0.012926           -0.022786           0.000577            -0.000553              -0.000089       -0.000573       -0.025904    -0.000528     0.043416        -0.042368      -0.278042                 -0.062433                 -0.036475                 -0.062958                 1.000000                 0.065866                 0.411493                0.353099                0.028394                0.172242        0.016578        0.024355        0.022778           0.051500          -0.013505          -0.057051           0.077281          -0.059810             -0.018202          -0.014456           -0.011345            0.002112                  -0.029643                  -0.010108               -0.010670                0.001039               -0.021713               -0.004084                0.003446               -0.006318            0.022529         0.007525                     -0.011066                   0.021184         -0.001211        -0.021843
keyword_best_max_shares                  -0.637824          0.120841            0.058860          -0.001624             0.000394              -0.002032        0.006060        0.002567     0.051337    -0.005658        -0.037637       0.008521                 -0.857226                 -0.005425                 -0.106933                 0.065866                 1.000000                 0.563353                0.158727                0.092658                0.226998        0.031818        0.045327        0.046259          -0.030315          -0.004308           0.071967           0.010473          -0.050102             -0.040859          -0.084498           -0.107378            0.007287                  -0.089318                   0.050500               -0.044286               -0.024163               -0.019990               -0.018600               -0.054699                0.028523            0.005110        -0.029771                     -0.010491                  -0.006091         -0.024636         0.054216
keyword_best_avg_shares                  -0.493093          0.115746           -0.096460           0.000805            -0.002939              -0.002006        0.004673       -0.064747     0.002217     0.136228        -0.157419      -0.332221                 -0.502719                 -0.034936                 -0.129136                 0.411493                 0.563353                 1.000000                0.407677                0.139530                0.427308        0.053336        0.090409        0.086991           0.115242          -0.079628          -0.119867           0.295963          -0.229507             -0.064106          -0.085437           -0.110573            0.003378                  -0.152927                  -0.001372               -0.068412                0.006972               -0.097967               -0.021485                0.014258               -0.022972            0.047235        -0.010713                     -0.015096                   0.035188          0.010199        -0.088767
keyword_avg_min_shares                   -0.157204         -0.002370           -0.022286           0.004563             0.003284               0.002510        0.001744        0.039239     0.081029     0.058866        -0.076706      -0.272042                 -0.137094                  0.007079                 -0.021295                 0.353099                 0.158727                 0.407677                1.000000                0.093030                0.451569        0.035432        0.052721        0.052359           0.003434          -0.012842          -0.125098           0.181155          -0.056331              0.011557          -0.002657           -0.007014            0.017130                  -0.059848                  -0.010664                0.009913                0.015884               -0.012181               -0.020031               -0.004458               -0.009388            0.045342         0.024973                     -0.016834                   0.054769          0.012529        -0.014139
keyword_avg_max_shares                   -0.051820          0.006918           -0.030496          -0.002120            -0.003408              -0.003694        0.005733       -0.013629     0.064374     0.045002        -0.046397       0.114036                 -0.073563                  0.590468                  0.545686                 0.028394                 0.092658                 0.139530                0.093030                1.000000                0.811864        0.080639        0.186754        0.160417          -0.015732          -0.001684          -0.101259           0.197378          -0.087067              0.038743           0.009864           -0.004482            0.013414                  -0.038464                  -0.007434                0.030642                0.021071                0.008247               -0.047610               -0.023987               -0.024168            0.049935         0.018949                     -0.012426                   0.051628          0.031903        -0.027440
keyword_avg_avg_shares                   -0.163164          0.004296           -0.079624          -0.002083            -0.005415              -0.005944        0.006136       -0.015615     0.145236     0.106815        -0.136393       0.023783                 -0.184018                  0.411261                  0.384317                 0.172242                 0.226998                 0.427308                0.451569                0.811864                1.000000        0.099916        0.183229        0.168581          -0.037129           0.009465          -0.271668           0.436097          -0.153513              0.065515           0.014218           -0.009310            0.029287                  -0.100843                  -0.030192                0.043706                0.050004               -0.005528               -0.072835               -0.020253               -0.046697            0.097761         0.035678                     -0.023865                   0.098671          0.052285        -0.066253
ref_min_shares                           -0.011438         -0.004563           -0.030686           0.001036             0.000339               0.000989       -0.005098       -0.031229     0.007142    -0.003075         0.031721      -0.005290                 -0.025347                  0.012507                  0.012380                 0.016578                 0.031818                 0.053336                0.035432                0.080639                0.099916        1.000000        0.480476        0.818907           0.001850          -0.012656          -0.039178           0.035647           0.009784              0.056892           0.006212            0.002193            0.013080                   0.021051                   0.013111                0.033808                0.029102                0.005626               -0.040128               -0.011390               -0.046718            0.005464         0.000570                      0.002361                   0.005261          0.057813        -0.029189
ref_max_shares                           -0.014501          0.000128            0.025657          -0.000222             0.000170              -0.000077        0.004281        0.130187     0.035067     0.078296         0.038471       0.010474                 -0.041559                  0.042635                  0.033044                 0.024355                 0.045327                 0.090409                0.052721                0.186754                0.183229        0.480476        1.000000        0.853480           0.013836          -0.020659          -0.044409           0.043602           0.001956              0.064379           0.007375            0.019802            0.021232                   0.026022                   0.016275                0.042429               -0.002418                0.039869               -0.053774               -0.047108               -0.022557            0.013754         0.004789                     -0.004935                   0.008720          0.030639         0.017334
ref_avg_shares                           -0.015655          0.000661           -0.013809           0.001992             0.001614               0.002009       -0.001385        0.022157     0.020898     0.034494         0.040468       0.003139                 -0.039516                  0.030819                  0.025738                 0.022778                 0.046259                 0.086991                0.052359                0.160417                0.168581        0.818907        0.853480        1.000000           0.007669          -0.017691          -0.048810           0.047060           0.006050              0.071115           0.006049            0.009909            0.020963                   0.025724                   0.019033                0.043946                0.018423                0.022562               -0.054093               -0.029052               -0.043748            0.010175         0.000930                     -0.001442                   0.006897          0.050240        -0.016233
topic_0_relevance                         0.080894         -0.070038            0.026218          -0.002213            -0.001031               0.000342       -0.007064       -0.021692    -0.150439    -0.070489         0.078901      -0.154895                  0.030890                 -0.000807                  0.023499                 0.051500                -0.030315                 0.115242                0.003434               -0.015732               -0.037129        0.001850        0.013836        0.007669           1.000000          -0.179342          -0.255555          -0.274588          -0.243426             -0.007760           0.107099            0.146932           -0.077616                   0.161733                  -0.113682                0.006287               -0.104010                0.053271                0.041026                0.039226               -0.008738           -0.048812         0.027982                      0.001337                  -0.028023          0.031636         0.018916
topic_1_relevance                         0.004423          0.063568           -0.009724          -0.000827            -0.002869              -0.000965        0.003616       -0.004631     0.050080     0.011875        -0.022011      -0.062415                  0.008976                 -0.005896                 -0.001960                -0.013505                -0.004308                -0.079628               -0.012842               -0.001684                0.009465       -0.012656       -0.020659       -0.017691          -0.179342           1.000000          -0.231720          -0.121660          -0.246339              0.053091          -0.015704            0.062837            0.096893                  -0.013743                   0.029148                0.045091                0.026534                0.040587               -0.102900               -0.061209               -0.039642            0.054447        -0.006426                     -0.071821                   0.034438         -0.002346        -0.009706
topic_2_relevance                        -0.141713          0.038365            0.087266          -0.006855            -0.003286              -0.004965       -0.000328       -0.085045    -0.094515    -0.092962         0.099121      -0.019643                 -0.073750                 -0.015397                 -0.031877                -0.057051                 0.071967                -0.119867               -0.125098               -0.101259               -0.271668       -0.039178       -0.044409       -0.048810          -0.255555          -0.231720           1.000000          -0.328642          -0.231683             -0.178582          -0.218713           -0.229627            0.020250                  -0.139792                   0.189376               -0.138263               -0.059227               -0.109331                0.038317               -0.069130                0.079632           -0.076511        -0.074275                      0.059309                  -0.081729         -0.042189         0.067991
topic_3_relevance                        -0.030838          0.042208           -0.140141          -0.003689            -0.009761              -0.009781        0.013087       -0.028775     0.208924     0.267673        -0.181714       0.022726                 -0.007757                  0.021682                  0.005295                 0.077281                 0.010473                 0.295963                0.181155                0.197378                0.436097        0.035647        0.043602        0.047060          -0.274588          -0.121660          -0.328642           1.000000          -0.357930              0.080887          -0.009143           -0.051225            0.074110                  -0.169001                   0.005984                0.071775                0.108755               -0.014059               -0.114381               -0.025578               -0.074780            0.129062         0.027687                     -0.013784                   0.122120          0.009764        -0.120530
topic_4_relevance                         0.092906         -0.065063            0.041265          -0.004260            -0.001072              -0.002097       -0.009344        0.135441    -0.022780    -0.127429         0.033738       0.184254                  0.044998                 -0.001888                  0.005840                -0.059810                -0.050102                -0.229507               -0.056331               -0.087067               -0.153513        0.009784        0.001956        0.006050          -0.243426          -0.246339          -0.231683          -0.357930           1.000000              0.058720           0.137368            0.095170           -0.098306                   0.172580                  -0.109480                0.021952                0.021312                0.042008                0.120066                0.104233                0.036605           -0.053996         0.023665                      0.009713                  -0.045538          0.004233         0.046953
content_subjectivity                      0.133837         -0.056804            0.127879          -0.000180             0.002565               0.005498        0.005012        0.115285     0.080468     0.082052         0.597629       0.038603                  0.038547                  0.009138                  0.021935                -0.018202                -0.040859                -0.064106                0.011557                0.038743                0.065515        0.056892        0.064379        0.071115          -0.007760           0.053091          -0.178582           0.080887           0.058720              1.000000           0.339436            0.467063            0.253181                   0.487481                   0.132940                0.631749                0.243984                0.518773               -0.443187               -0.350070               -0.223191            0.114123         0.034075                     -0.003758                   0.091067         -0.011930         0.093547
content_sentiment                         0.158646         -0.072226            0.021937           0.000523             0.000831               0.002043       -0.005365        0.090070     0.021082    -0.028434         0.178537       0.083420                  0.075486                  0.008905                  0.026771                -0.014456                -0.084498                -0.085437               -0.002657                0.009864                0.014218        0.006212        0.007375        0.006049           0.107099          -0.015704          -0.218713          -0.009143           0.137368              0.339436           1.000000            0.570667           -0.471982                   0.727827                  -0.650717                0.496704                0.086119                0.430893                0.229764                0.285378               -0.044238            0.023620         0.238266                     -0.028717                   0.071898          0.000986         0.023185
positive_word_rate                        0.207604         -0.064951            0.133979           0.000014             0.001535               0.005002       -0.000308        0.121140    -0.041582     0.072290         0.322929       0.050466                  0.099138                  0.008054                  0.033021                -0.011345                -0.107378                -0.110573               -0.007014               -0.004482               -0.009310        0.002193        0.019802        0.009909           0.146932           0.062837          -0.229627          -0.051225           0.095170              0.467063           0.570667            1.000000            0.106538                   0.628626                  -0.330125                0.331326               -0.107093                0.473331               -0.131794               -0.115422               -0.072669            0.109938         0.136469                     -0.137288                   0.103391         -0.002639         0.111148
negative_word_rate                        0.010266          0.015530            0.125013          -0.000877             0.001036               0.002590        0.009128        0.011433     0.024772     0.179167         0.228655      -0.037969                 -0.002024                 -0.000465                  0.000188                 0.002112                 0.007287                 0.003378                0.017130                0.013414                0.029287        0.013080        0.021232        0.020963          -0.077616           0.096893           0.020250           0.074110          -0.098306              0.253181          -0.471982            0.106538            1.000000                  -0.398689                   0.779556                0.192985                0.060769                0.182928               -0.352242               -0.478499                0.070557            0.090229        -0.138152                     -0.055071                   0.055872         -0.022249         0.096751
non_neutral_positive_rate                 0.198654         -0.066589            0.098960          -0.000667             0.002421               0.005258       -0.002102        0.142088    -0.021734    -0.043459         0.578894       0.035358                  0.081635                  0.003992                  0.026429                -0.029643                -0.089318                -0.152927               -0.059848               -0.038464               -0.100843        0.021051        0.026022        0.025724           0.161733          -0.013743          -0.139792          -0.169001           0.172580              0.487481           0.727827            0.628626           -0.398689                   1.000000                  -0.530962                0.412733                0.050771                0.451048               -0.034753                0.088708               -0.199162           -0.024194         0.144467                     -0.017876                  -0.003356         -0.015443         0.078376
non_neutral_negative_rate                -0.071968          0.034186            0.101053          -0.001657             0.001245               0.001709        0.009870       -0.010187     0.040029     0.074067         0.322505      -0.070873                 -0.045484                 -0.008305                 -0.016250                -0.010108                 0.050500                -0.001372               -0.010664               -0.007434               -0.030192        0.013111        0.016275        0.019033          -0.113682           0.029148           0.189376           0.005984          -0.109480              0.132940          -0.650717           -0.330125            0.779556                  -0.530962                   1.000000                0.145689                0.194568                0.035689               -0.346947               -0.452522                0.026644           -0.003934        -0.185787                      0.040898                  -0.026495         -0.032089         0.072670
avg_positive_sentiment                    0.126344         -0.049619            0.135123          -0.000487             0.002285               0.004671        0.003013        0.098062     0.096446     0.097440         0.540117       0.033700                  0.040634                  0.008193                  0.019221                -0.010670                -0.044286                -0.068412                0.009913                0.030642                0.043706        0.033808        0.042429        0.043946           0.006287           0.045091          -0.138263           0.071775           0.021952              0.631749           0.496704            0.331326            0.192985                   0.412733                   0.145689                1.000000                0.456973                0.703558               -0.275705               -0.232209               -0.139768            0.052364         0.079529                      0.015141                   0.101191         -0.029943         0.107361
min_positive_sentiment                    0.054772         -0.025069           -0.261493           0.009193             0.000904               0.008380       -0.004331       -0.072648    -0.024683    -0.010103         0.222207      -0.015890                  0.022866                  0.003920                  0.004237                 0.001039                -0.024163                 0.006972                0.015884                0.021071                0.050004        0.029102       -0.002418        0.018423          -0.104010           0.026534          -0.059227           0.108755           0.021312              0.243984           0.086119           -0.107093            0.060769                   0.050771                   0.194568                0.456973                1.000000                0.009600               -0.063571                0.091270               -0.183997            0.008327        -0.001301                      0.016991                   0.011512          0.003781        -0.232112
max_positive_sentiment                    0.098288         -0.021662            0.415706          -0.009054             0.002062              -0.002245        0.008120        0.189922     0.155232     0.125659         0.471383       0.062440                  0.018640                  0.010666                  0.022614                -0.021713                -0.019990                -0.097967               -0.012181                0.008247               -0.005528        0.005626        0.039869        0.022562           0.053271           0.040587          -0.109331          -0.014059           0.042008              0.518773           0.430893            0.473331            0.182928                   0.451048                   0.035689                0.703558                0.009600                1.000000               -0.268784               -0.360871               -0.005253            0.052790         0.076898                     -0.017131                   0.082966         -0.047443         0.353462
