             AQI_Value  CO_Value  Ozone_Value  NO2_Value  PM25_Value      VOCs       SO2
AQI_Value     1.000000  0.428791     0.404818  -0.000878    0.984160  0.997472  0.247178
CO_Value      0.428791  1.000000     0.136047   0.005495    0.437300  0.427156  0.568347
Ozone_Value   0.404818  0.136047     1.000000  -0.019737    0.340110  0.402478  0.075333
NO2_Value    -0.000878  0.005495    -0.019737   1.000000   -0.000354 -0.001405  0.010368
PM25_Value    0.984160  0.437300     0.340110  -0.000354    1.000000  0.981831  0.249781
VOCs          0.997472  0.427156     0.402478  -0.001405    0.981831  1.000000  0.245615
SO2           0.247178  0.568347     0.075333   0.010368    0.249781  0.245615  1.000000